"year" "stratum" "catch" "Nh"
1997 293 3 21872
1997 293 7 21872
1997 294 12 18571
1997 294 7 18571
1997 295 3 28750
1997 295 9 28750
1997 296 85 9767
1997 296 44 9767
1997 297 25 20909
1997 297 14 20909
1997 298 5 23523
1997 298 4 23523
1997 299 31 29163
1997 299 13 29163
1997 300 34 29851
1997 300 5 29851
1997 306 6 49935
1997 306 11 49935
1997 306 32 49935
1997 307 6 54337
1997 307 19 54337
1997 307 37 54337
1997 308 3 15407
1997 308 31 15407
1997 309 2 40718
1997 309 11 40718
1997 310 102 23385
1997 310 16 23385
1997 311 10 43607
1997 311 7 43607
1997 312 1 37417
1997 312 0 37417
1997 313 0 22698
1997 313 0 22698
1997 314 0 133985
1997 314 1 133985
1997 314 0 133985
1997 314 0 133985
1997 314 1 133985
1997 314 2 133985
1997 314 0 133985
1997 315 1 113763
1997 315 0 113763
1997 315 1 113763
1997 315 0 113763
1997 315 0 113763
1997 315 0 113763
1997 316 2 25999
1997 316 3 25999
1997 317 4 26549
1997 317 30 26549
1997 318 187 17745
1997 318 25 17745
1997 319 1 135360
1997 319 27 135360
1997 319 18 135360
1997 319 47 135360
1997 319 17 135360
1997 319 2 135360
1997 319 0 135360
1997 319 0 135360
1997 320 0 181581
1997 320 6 181581
1997 320 0 181581
1997 320 0 181581
1997 320 1 181581
1997 320 1 181581
1997 320 0 181581
1997 320 0 181581
1997 320 7 181581
1997 321 0 163560
1997 321 0 163560
1997 321 0 163560
1997 321 0 163560
1997 321 0 163560
1997 321 0 163560
1997 321 1 163560
1997 321 0 163560
1997 321 0 163560
1997 322 3 215558
1997 322 1 215558
1997 322 3 215558
1997 322 0 215558
1997 322 0 215558
1997 322 1 215558
1997 322 0 215558
1997 322 2 215558
1997 322 2 215558
1997 322 0 215558
1997 322 0 215558
1997 323 1 95743
1997 323 0 95743
1997 323 0 95743
1997 323 0 95743
1997 324 4 67955
1997 324 1 67955
1997 324 7 67955
1997 325 0 129858
1997 325 0 129858
1997 325 0 129858
1997 325 1 129858
1997 325 0 129858
1997 325 4 129858
1997 326 0 22835
1997 326 0 22835
1997 705 5 26824
1997 705 13 26824
1997 706 6 65479
1997 706 1 65479
1997 706 1 65479
1997 707 0 10180
1997 707 69 10180
1997 708 35 17333
1997 708 10 17333
1997 709 1 20221
1997 711 3 81574
1997 711 0 81574
1997 711 0 81574
1997 711 0 81574
1997 711 0 81574
1997 712 0 100557
1997 712 2 100557
1997 712 1 100557
1997 712 0 100557
1997 712 0 100557
1997 713 16 117064
1997 713 3 117064
1997 713 11 117064
1997 713 6 117064
1997 713 1 117064
1997 713 9 117064
1997 714 17 147741
1997 714 0 147741
1997 714 4 147741
1997 714 8 147741
1997 714 6 147741
1997 714 15 147741
1997 714 81 147741
1997 715 3 17608
1997 715 56 17608
1997 716 0 74145
1997 716 1 74145
1997 716 3 74145
1997 716 1 74145
1997 779 0 58051
1997 779 0 58051
1997 779 0 58051
1997 780 0 55437
1997 780 1 55437
1997 780 1 55437
1997 781 6 61352
1997 781 3 61352
1997 781 2 61352
1997 781 2 61352
1997 782 1 25174
1997 782 4 25174
1997 783 2 31501
1997 783 1 31501
1998 293 3 21872
1998 293 24 21872
1998 294 49 18571
1998 294 48 18571
1998 295 1 28750
1998 295 31 28750
1998 296 0 9767
1998 296 1 9767
1998 297 10 20909
1998 297 10 20909
1998 298 112 23523
1998 298 46 23523
1998 299 2 29163
1998 299 2 29163
1998 300 106 29851
1998 300 0 29851
1998 306 1 49935
1998 306 0 49935
1998 306 45 49935
1998 307 7 54337
1998 307 1276 54337
1998 307 13 54337
1998 308 516 15407
1998 308 26 15407
1998 309 5 40718
1998 309 583 40718
1998 310 8 23385
1998 310 1 23385
1998 311 43 43607
1998 311 63 43607
1998 311 8 43607
1998 312 0 37417
1998 312 5 37417
1998 313 22 22698
1998 313 18 22698
1998 314 0 133985
1998 314 0 133985
1998 314 0 133985
1998 314 0 133985
1998 314 0 133985
1998 314 0 133985
1998 314 3 133985
1998 315 1 113763
1998 315 16 113763
1998 315 2 113763
1998 315 75 113763
1998 315 19 113763
1998 315 143 113763
1998 315 96 113763
1998 316 3 25999
1998 316 5 25999
1998 317 6 26549
1998 317 7 26549
1998 318 2 17745
1998 318 4 17745
1998 319 9 135360
1998 319 4 135360
1998 319 388 135360
1998 319 378 135360
1998 319 141 135360
1998 319 1 135360
1998 319 0 135360
1998 319 1 135360
1998 320 2 181581
1998 320 0 181581
1998 320 5 181581
1998 320 2 181581
1998 320 4 181581
1998 320 1 181581
1998 320 18 181581
1998 320 0 181581
1998 320 0 181581
1998 320 3 181581
1998 320 43 181581
1998 321 0 163560
1998 321 0 163560
1998 321 0 163560
1998 321 0 163560
1998 321 0 163560
1998 321 0 163560
1998 321 1 163560
1998 321 1 163560
1998 321 1 163560
1998 321 0 163560
1998 322 1 215558
1998 322 0 215558
1998 322 0 215558
1998 322 3 215558
1998 322 3 215558
1998 322 0 215558
1998 322 1 215558
1998 322 0 215558
1998 322 0 215558
1998 322 0 215558
1998 322 5 215558
1998 322 3 215558
1998 322 0 215558
1998 323 0 95743
1998 323 0 95743
1998 323 0 95743
1998 323 0 95743
1998 323 0 95743
1998 323 2 95743
1998 324 4 67955
1998 324 1 67955
1998 324 4 67955
1998 324 0 67955
1998 325 0 129858
1998 325 0 129858
1998 325 0 129858
1998 325 0 129858
1998 325 0 129858
1998 325 0 129858
1998 325 1 129858
1998 325 0 129858
1998 326 0 22835
1998 326 1 22835
1998 705 16 26824
1998 705 12 26824
1998 706 11 65479
1998 706 5 65479
1998 706 4 65479
1998 706 0 65479
1998 707 13 10180
1998 707 7 10180
1998 708 166 17333
1998 708 3 17333
1998 708 22 17333
1998 709 0 20221
1998 709 0 20221
1998 711 0 81574
1998 711 0 81574
1998 711 1 81574
1998 711 0 81574
1998 711 0 81574
1998 712 7 100557
1998 712 1 100557
1998 712 3 100557
1998 712 0 100557
1998 712 0 100557
1998 712 1 100557
1998 713 0 117064
1998 713 1 117064
1998 713 0 117064
1998 713 1 117064
1998 713 2 117064
1998 713 0 117064
1998 713 0 117064
1998 714 3 147741
1998 714 4 147741
1998 714 4 147741
1998 714 7 147741
1998 714 0 147741
1998 714 2 147741
1998 714 2 147741
1998 714 1 147741
1998 714 6 147741
1998 715 566 17608
1998 715 101 17608
1998 716 0 74145
1998 716 1 74145
1998 716 106 74145
1998 716 60 74145
1998 779 0 58051
1998 779 2 58051
1998 779 0 58051
1998 780 0 55437
1998 780 0 55437
1998 780 1 55437
1998 781 0 61352
1998 781 2 61352
1998 781 5 61352
1998 781 11 61352
1998 782 0 25174
1998 782 3 25174
1998 783 1 31501
1998 783 0 31501
1999 293 20 21872
1999 293 35 21872
1999 294 16 18571
1999 294 23 18571
1999 295 65 28750
1999 295 3 28750
1999 296 59 9767
1999 296 18 9767
1999 297 133 20909
1999 297 48 20909
1999 298 3 23523
1999 298 1 23523
1999 299 0 29163
1999 299 0 29163
1999 300 8 29851
1999 300 35 29851
1999 306 4 49935
1999 306 27 49935
1999 306 12 49935
1999 307 260 54337
1999 307 44 54337
1999 307 21 54337
1999 308 241 15407
1999 308 110 15407
1999 309 7 40718
1999 309 4 40718
1999 310 5 23385
1999 310 6 23385
1999 311 14 43607
1999 311 38 43607
1999 311 97 43607
1999 312 11 37417
1999 312 14 37417
1999 313 7 22698
1999 313 1 22698
1999 314 22 133985
1999 314 12 133985
1999 314 7 133985
1999 314 14 133985
1999 314 18 133985
1999 314 28 133985
1999 314 0 133985
1999 314 3 133985
1999 315 28 113763
1999 315 17 113763
1999 315 12 113763
1999 315 6 113763
1999 315 79 113763
1999 315 0 113763
1999 315 6 113763
1999 316 2 25999
1999 316 0 25999
1999 317 1 26549
1999 317 22 26549
1999 318 0 17745
1999 318 0 17745
1999 319 163 135360
1999 319 56 135360
1999 319 0 135360
1999 319 13 135360
1999 319 9 135360
1999 319 95 135360
1999 319 62 135360
1999 319 302 135360
1999 320 18 181581
1999 320 52 181581
1999 320 9 181581
1999 320 6 181581
1999 320 18 181581
1999 320 16 181581
1999 320 9 181581
1999 320 29 181581
1999 321 22 163560
1999 321 2 163560
1999 321 2 163560
1999 321 1 163560
1999 321 0 163560
1999 321 1 163560
1999 321 0 163560
1999 321 13 163560
1999 321 8 163560
1999 322 5 215558
1999 322 3 215558
1999 322 3 215558
1999 322 0 215558
1999 322 0 215558
1999 322 7 215558
1999 322 2 215558
1999 322 0 215558
1999 322 17 215558
1999 322 0 215558
1999 322 0 215558
1999 322 3 215558
1999 323 7 95743
1999 323 1 95743
1999 323 0 95743
1999 323 1 95743
1999 323 0 95743
1999 323 1 95743
1999 324 1 67955
1999 324 12 67955
1999 324 6 67955
1999 324 2 67955
1999 325 1 129858
1999 325 0 129858
1999 325 3 129858
1999 325 2 129858
1999 325 1 129858
1999 325 10 129858
1999 325 18 129858
1999 325 12 129858
1999 326 1 22835
1999 326 4 22835
1999 705 2 26824
1999 705 0 26824
1999 706 1 65479
1999 706 2 65479
1999 706 0 65479
1999 706 3 65479
1999 707 0 10180
1999 707 2 10180
1999 708 5 17333
1999 708 104 17333
1999 709 0 20221
1999 709 0 20221
1999 710 0 21460
1999 710 0 21460
1999 711 0 81574
1999 711 0 81574
1999 711 0 81574
1999 711 0 81574
1999 711 0 81574
1999 712 0 100557
1999 712 0 100557
1999 712 0 100557
1999 712 0 100557
1999 712 2 100557
1999 712 1 100557
1999 713 2 117064
1999 713 1 117064
1999 713 0 117064
1999 713 1 117064
1999 713 0 117064
1999 713 1 117064
1999 713 0 117064
1999 714 1 147741
1999 714 1 147741
1999 714 1 147741
1999 714 1 147741
1999 714 1 147741
1999 714 1 147741
1999 714 2 147741
1999 714 1 147741
1999 714 2 147741
1999 715 11 17608
1999 715 44 17608
1999 716 10 74145
1999 716 1 74145
1999 716 18 74145
1999 716 102 74145
1999 779 0 58051
1999 779 0 58051
1999 779 0 58051
1999 779 0 58051
1999 780 0 55437
1999 780 0 55437
1999 780 0 55437
1999 781 28 61352
1999 781 29 61352
1999 781 0 61352
1999 781 12 61352
1999 782 3 25174
1999 782 0 25174
1999 783 7 31501
1999 783 0 31501
2000 293 7 21872
2000 293 29 21872
2000 294 5 18571
2000 294 13 18571
2000 295 17 28750
2000 295 26 28750
2000 296 8 9767
2000 296 14 9767
2000 297 389 20909
2000 297 281 20909
2000 298 145 23523
2000 298 148 23523
2000 299 0 29163
2000 299 1 29163
2000 300 32 29851
2000 300 28 29851
2000 306 74 49935
2000 306 175 49935
2000 306 3 49935
2000 307 67 54337
2000 307 270 54337
2000 307 49 54337
2000 308 66 15407
2000 308 171 15407
2000 309 3 40718
2000 309 4 40718
2000 310 0 23385
2000 310 16 23385
2000 311 76 43607
2000 311 45 43607
2000 311 76 43607
2000 312 48 37417
2000 312 18 37417
2000 313 9 22698
2000 313 1 22698
2000 314 12 133985
2000 314 17 133985
2000 314 3 133985
2000 314 9 133985
2000 314 2 133985
2000 314 28 133985
2000 314 9 133985
2000 315 8 113763
2000 315 7 113763
2000 315 30 113763
2000 315 7 113763
2000 315 44 113763
2000 315 16 113763
2000 315 5 113763
2000 316 0 25999
2000 316 1 25999
2000 317 110 26549
2000 317 2 26549
2000 318 0 17745
2000 318 26 17745
2000 319 153 135360
2000 319 172 135360
2000 319 34 135360
2000 319 124 135360
2000 319 0 135360
2000 319 1 135360
2000 319 30 135360
2000 319 37 135360
2000 320 30 181581
2000 320 13 181581
2000 320 21 181581
2000 320 4 181581
2000 320 1 181581
2000 320 20 181581
2000 320 50 181581
2000 320 11 181581
2000 320 31 181581
2000 320 102 181581
2000 320 31 181581
2000 321 0 163560
2000 321 2 163560
2000 321 16 163560
2000 321 11 163560
2000 321 1 163560
2000 321 4 163560
2000 321 13 163560
2000 321 5 163560
2000 321 4 163560
2000 321 15 163560
2000 322 20 215558
2000 322 8 215558
2000 322 26 215558
2000 322 1 215558
2000 322 0 215558
2000 322 1 215558
2000 322 8 215558
2000 322 8 215558
2000 322 3 215558
2000 322 3 215558
2000 322 0 215558
2000 323 2 95743
2000 323 2 95743
2000 323 0 95743
2000 323 26 95743
2000 323 22 95743
2000 324 7 67955
2000 324 1 67955
2000 324 13 67955
2000 324 5 67955
2000 325 0 129858
2000 325 1 129858
2000 325 11 129858
2000 325 1 129858
2000 325 14 129858
2000 325 12 129858
2000 325 55 129858
2000 325 80 129858
2000 326 4 22835
2000 326 6 22835
2000 705 0 26824
2000 705 4 26824
2000 706 3 65479
2000 706 0 65479
2000 706 0 65479
2000 706 0 65479
2000 707 0 10180
2000 707 0 10180
2000 708 0 17333
2000 708 0 17333
2000 709 0 20221
2000 709 1 20221
2000 711 0 81574
2000 711 0 81574
2000 711 0 81574
2000 711 0 81574
2000 711 48 81574
2000 712 2 100557
2000 712 0 100557
2000 712 0 100557
2000 712 1 100557
2000 712 2 100557
2000 713 0 117064
2000 713 0 117064
2000 713 0 117064
2000 713 0 117064
2000 713 1 117064
2000 713 8 117064
2000 714 1 147741
2000 714 3 147741
2000 714 1 147741
2000 714 0 147741
2000 714 1 147741
2000 714 1 147741
2000 714 1 147741
2000 714 0 147741
2000 714 2 147741
2000 715 51 17608
2000 715 35 17608
2000 716 1 74145
2000 716 0 74145
2000 716 2 74145
2000 716 8 74145
2000 779 0 58051
2000 779 0 58051
2000 779 0 58051
2000 779 5 58051
2000 780 1 55437
2000 780 1 55437
2000 781 3 61352
2000 781 5 61352
2000 781 36 61352
2000 781 3 61352
2000 782 24 25174
2000 782 1 25174
2000 783 3 31501
2000 783 2 31501
2001 293 17 21872
2001 293 3 21872
2001 294 9 18571
2001 294 12 18571
2001 295 64 28750
2001 295 4 28750
2001 296 129 9767
2001 296 265 9767
2001 297 36 20909
2001 297 7 20909
2001 298 36 23523
2001 298 21 23523
2001 299 1 29163
2001 299 8 29163
2001 300 45 29851
2001 300 8 29851
2001 306 6 49935
2001 306 43 49935
2001 306 8 49935
2001 307 114 54337
2001 307 93 54337
2001 307 106 54337
2001 308 133 15407
2001 308 9 15407
2001 309 9 40718
2001 309 92 40718
2001 310 13 23385
2001 310 30 23385
2001 311 23 43607
2001 311 10 43607
2001 311 9 43607
2001 312 32 37417
2001 312 2 37417
2001 313 43 22698
2001 313 33 22698
2001 313 395 22698
2001 314 1 133985
2001 314 4 133985
2001 314 1 133985
2001 314 1 133985
2001 314 1 133985
2001 314 0 133985
2001 314 0 133985
2001 315 35 113763
2001 315 14 113763
2001 315 9 113763
2001 315 1 113763
2001 315 1 113763
2001 315 1 113763
2001 315 3 113763
2001 316 1 25999
2001 316 1 25999
2001 317 10 26549
2001 317 38 26549
2001 318 1 17745
2001 318 4 17745
2001 319 81 135360
2001 319 61 135360
2001 319 97 135360
2001 319 821 135360
2001 319 200 135360
2001 319 781 135360
2001 319 1410 135360
2001 319 18 135360
2001 320 4 181581
2001 320 2 181581
2001 320 4 181581
2001 320 5 181581
2001 320 19 181581
2001 320 5 181581
2001 320 6 181581
2001 320 7 181581
2001 320 32 181581
2001 320 1 181581
2001 321 0 163560
2001 321 1 163560
2001 321 1 163560
2001 321 0 163560
2001 321 0 163560
2001 321 0 163560
2001 321 1 163560
2001 321 0 163560
2001 321 0 163560
2001 322 0 215558
2001 322 0 215558
2001 322 0 215558
2001 322 0 215558
2001 322 5 215558
2001 322 0 215558
2001 322 0 215558
2001 322 4 215558
2001 322 1 215558
2001 322 3 215558
2001 322 10 215558
2001 322 0 215558
2001 323 50 95743
2001 323 5 95743
2001 323 3 95743
2001 323 0 95743
2001 323 0 95743
2001 323 1 95743
2001 324 3 67955
2001 324 2 67955
2001 324 0 67955
2001 324 0 67955
2001 325 56 129858
2001 325 18 129858
2001 325 7 129858
2001 325 9 129858
2001 325 1 129858
2001 325 0 129858
2001 325 0 129858
2001 325 3 129858
2001 326 1 22835
2001 326 4 22835
2001 705 3 26824
2001 705 4 26824
2001 706 2 65479
2001 706 0 65479
2001 706 1 65479
2001 706 0 65479
2001 707 5 10180
2001 707 53 10180
2001 708 0 17333
2001 708 4 17333
2001 709 0 20221
2001 709 3 20221
2001 711 2 81574
2001 711 0 81574
2001 711 1 81574
2001 711 0 81574
2001 711 2 81574
2001 712 0 100557
2001 712 0 100557
2001 712 0 100557
2001 712 3 100557
2001 712 3 100557
2001 712 1 100557
2001 713 8 117064
2001 713 0 117064
2001 713 1 117064
2001 713 1 117064
2001 713 5 117064
2001 713 4 117064
2001 714 31 147741
2001 714 1 147741
2001 714 4 147741
2001 714 2 147741
2001 714 4 147741
2001 714 4 147741
2001 714 3 147741
2001 714 144 147741
2001 714 38 147741
2001 715 325 17608
2001 715 17 17608
2001 716 3 74145
2001 716 0 74145
2001 716 2 74145
2001 716 1 74145
2001 779 0 58051
2001 779 0 58051
2001 779 2 58051
2001 779 0 58051
2001 780 0 55437
2001 780 0 55437
2001 780 0 55437
2001 781 8 61352
2001 781 9 61352
2001 781 74 61352
2001 781 11 61352
2001 782 0 25174
2001 782 6 25174
2001 783 1 31501
2001 783 8 31501
2002 293 6 21872
2002 293 6 21872
2002 294 61 18571
2002 294 5 18571
2002 295 6 28750
2002 295 4 28750
2002 296 51 9767
2002 296 100 9767
2002 297 30 20909
2002 297 13 20909
2002 298 4 23523
2002 298 28 23523
2002 299 9 29163
2002 299 2 29163
2002 300 15 29851
2002 300 35 29851
2002 306 2 49935
2002 306 1 49935
2002 306 12 49935
2002 307 8 54337
2002 307 21 54337
2002 307 17 54337
2002 308 3 15407
2002 308 34 15407
2002 309 3 40718
2002 309 644 40718
2002 310 36 23385
2002 310 5 23385
2002 311 1 43607
2002 311 32 43607
2002 311 0 43607
2002 312 1 37417
2002 312 5 37417
2002 313 1 22698
2002 313 10 22698
2002 314 0 133985
2002 314 2 133985
2002 314 2 133985
2002 314 0 133985
2002 314 0 133985
2002 314 0 133985
2002 314 0 133985
2002 314 0 133985
2002 315 6 113763
2002 315 0 113763
2002 315 0 113763
2002 315 0 113763
2002 315 1 113763
2002 315 7 113763
2002 315 0 113763
2002 316 1 25999
2002 316 8 25999
2002 317 38 26549
2002 317 41 26549
2002 318 8 17745
2002 318 0 17745
2002 319 6 135360
2002 319 71 135360
2002 319 72 135360
2002 319 534 135360
2002 319 4 135360
2002 319 450 135360
2002 319 108 135360
2002 319 788 135360
2002 320 2 181581
2002 320 0 181581
2002 320 1 181581
2002 320 1 181581
2002 320 20 181581
2002 320 0 181581
2002 320 0 181581
2002 320 2 181581
2002 320 0 181581
2002 320 0 181581
2002 321 4 163560
2002 321 0 163560
2002 321 0 163560
2002 321 0 163560
2002 321 0 163560
2002 321 0 163560
2002 321 1 163560
2002 321 1 163560
2002 321 0 163560
2002 321 0 163560
2002 322 2 215558
2002 322 4 215558
2002 322 2 215558
2002 322 0 215558
2002 322 11 215558
2002 322 16 215558
2002 322 0 215558
2002 322 0 215558
2002 322 0 215558
2002 322 1 215558
2002 322 0 215558
2002 322 1 215558
2002 322 3 215558
2002 323 0 95743
2002 323 0 95743
2002 323 0 95743
2002 323 0 95743
2002 323 3 95743
2002 323 1 95743
2002 324 11 67955
2002 324 3 67955
2002 324 0 67955
2002 324 4 67955
2002 325 1 129858
2002 325 0 129858
2002 325 3 129858
2002 325 0 129858
2002 325 0 129858
2002 325 0 129858
2002 325 0 129858
2002 325 0 129858
2002 326 0 22835
2002 326 0 22835
2002 705 1 26824
2002 705 17 26824
2002 706 1 65479
2002 706 0 65479
2002 706 1 65479
2002 706 3 65479
2002 707 297 10180
2002 707 308 10180
2002 708 3 17333
2002 708 14 17333
2002 709 0 20221
2002 709 0 20221
2002 711 2 81574
2002 711 1 81574
2002 711 0 81574
2002 711 0 81574
2002 711 0 81574
2002 712 1 100557
2002 712 0 100557
2002 712 2 100557
2002 712 0 100557
2002 712 0 100557
2002 712 1 100557
2002 713 6 117064
2002 713 2 117064
2002 713 1 117064
2002 713 1 117064
2002 713 1 117064
2002 713 6 117064
2002 713 2 117064
2002 714 8 147741
2002 714 9 147741
2002 714 9 147741
2002 714 11 147741
2002 714 2 147741
2002 714 10 147741
2002 714 2 147741
2002 714 7 147741
2002 714 24 147741
2002 715 108 17608
2002 715 75 17608
2002 716 1 74145
2002 716 0 74145
2002 716 0 74145
2002 716 71 74145
2002 779 1 58051
2002 779 0 58051
2002 779 1 58051
2002 779 0 58051
2002 780 0 55437
2002 780 0 55437
2002 780 0 55437
2002 781 4 61352
2002 781 6 61352
2002 781 0 61352
2002 781 7 61352
2002 782 4 25174
2002 782 14 25174
2002 783 1 31501
2002 783 0 31501
2003 293 10 21872
2003 293 1 21872
2003 294 29 18571
2003 294 20 18571
2003 295 5 28750
2003 295 8 28750
2003 296 49 9767
2003 296 13 9767
2003 297 0 20909
2003 297 4 20909
2003 298 375 23523
2003 298 84 23523
2003 299 12 29163
2003 299 3 29163
2003 300 2 29851
2003 300 90 29851
2003 306 8 49935
2003 306 3 49935
2003 306 6 49935
2003 307 40 54337
2003 307 956 54337
2003 307 269 54337
2003 308 6 15407
2003 308 4 15407
2003 309 18 40718
2003 309 6 40718
2003 310 89 23385
2003 310 30 23385
2003 311 4 43607
2003 311 7 43607
2003 311 13 43607
2003 312 2 37417
2003 312 6 37417
2003 313 50 22698
2003 313 0 22698
2003 314 0 133985
2003 314 0 133985
2003 314 0 133985
2003 314 0 133985
2003 314 0 133985
2003 314 0 133985
2003 314 1 133985
2003 315 2 113763
2003 315 0 113763
2003 315 0 113763
2003 315 1 113763
2003 315 0 113763
2003 315 0 113763
2003 315 0 113763
2003 316 1 25999
2003 316 20 25999
2003 317 16 26549
2003 317 12 26549
2003 318 2 17745
2003 318 1344 17745
2003 319 4 135360
2003 319 39 135360
2003 319 0 135360
2003 319 6 135360
2003 319 3 135360
2003 319 12 135360
2003 319 22 135360
2003 319 41 135360
2003 320 0 181581
2003 320 2 181581
2003 320 0 181581
2003 320 0 181581
2003 320 86 181581
2003 320 2 181581
2003 320 0 181581
2003 320 0 181581
2003 320 2 181581
2003 320 4 181581
2003 320 1 181581
2003 321 0 163560
2003 321 3 163560
2003 321 0 163560
2003 321 2 163560
2003 321 0 163560
2003 321 0 163560
2003 321 0 163560
2003 321 0 163560
2003 321 0 163560
2003 321 0 163560
2003 322 1 215558
2003 322 0 215558
2003 322 0 215558
2003 322 0 215558
2003 322 0 215558
2003 322 2 215558
2003 322 0 215558
2003 322 1 215558
2003 322 0 215558
2003 322 0 215558
2003 322 3 215558
2003 322 2 215558
2003 322 7 215558
2003 323 0 95743
2003 323 0 95743
2003 323 0 95743
2003 323 1 95743
2003 323 0 95743
2003 324 6 67955
2003 324 12 67955
2003 324 4 67955
2003 324 1 67955
2003 325 1 129858
2003 325 0 129858
2003 325 0 129858
2003 325 0 129858
2003 325 0 129858
2003 325 0 129858
2003 325 0 129858
2003 325 0 129858
2003 326 0 22835
2003 326 0 22835
2003 705 4 26824
2003 705 13 26824
2003 706 11 65479
2003 706 0 65479
2003 706 4 65479
2003 706 0 65479
2003 707 8 10180
2003 707 20 10180
2003 708 1 17333
2003 708 37 17333
2003 709 0 20221
2003 709 60 20221
2003 711 3 81574
2003 711 0 81574
2003 711 1 81574
2003 711 1 81574
2003 711 1 81574
2003 712 2 100557
2003 712 6 100557
2003 712 2 100557
2003 712 6 100557
2003 712 1 100557
2003 712 4 100557
2003 713 6 117064
2003 713 2 117064
2003 713 2 117064
2003 713 2 117064
2003 713 4 117064
2003 713 2 117064
2003 713 4 117064
2003 714 4 147741
2003 714 15 147741
2003 714 32 147741
2003 714 7 147741
2003 714 12 147741
2003 714 9 147741
2003 714 5 147741
2003 714 8 147741
2003 714 11 147741
2003 715 64 17608
2003 715 45 17608
2003 716 20 74145
2003 716 14 74145
2003 716 6 74145
2003 716 12 74145
2003 779 0 58051
2003 779 0 58051
2003 779 1 58051
2003 779 0 58051
2003 780 0 55437
2003 780 0 55437
2003 780 0 55437
2003 781 4 61352
2003 781 6 61352
2003 781 3 61352
2003 781 1 61352
2003 782 0 25174
2003 782 4 25174
2003 783 0 31501
2003 783 6 31501
2004 293 18 21872
2004 293 16 21872
2004 294 31 18571
2004 294 0 18571
2004 295 2 28750
2004 295 3 28750
2004 296 10 9767
2004 296 528 9767
2004 297 1 20909
2004 297 22 20909
2004 298 80 23523
2004 298 3 23523
2004 299 3 29163
2004 299 0 29163
2004 300 9 29851
2004 300 2 29851
2004 306 28 49935
2004 306 4 49935
2004 306 8 49935
2004 307 56 54337
2004 307 405 54337
2004 307 54 54337
2004 308 52 15407
2004 308 242 15407
2004 309 5 40718
2004 309 0 40718
2004 310 1 23385
2004 310 0 23385
2004 311 62 43607
2004 311 100 43607
2004 311 26 43607
2004 312 2 37417
2004 312 1 37417
2004 313 1 22698
2004 313 0 22698
2004 314 1 133985
2004 314 0 133985
2004 314 0 133985
2004 314 1 133985
2004 314 1 133985
2004 314 4 133985
2004 314 0 133985
2004 314 0 133985
2004 315 1 113763
2004 315 0 113763
2004 315 0 113763
2004 315 2 113763
2004 315 6 113763
2004 315 13 113763
2004 315 2 113763
2004 316 4 25999
2004 316 2 25999
2004 317 7 26549
2004 317 8 26549
2004 318 29 17745
2004 318 2 17745
2004 319 0 135360
2004 319 28 135360
2004 319 24 135360
2004 319 0 135360
2004 319 49 135360
2004 319 21 135360
2004 319 172 135360
2004 319 1250 135360
2004 320 0 181581
2004 320 0 181581
2004 320 0 181581
2004 320 10 181581
2004 320 3 181581
2004 320 0 181581
2004 320 0 181581
2004 320 2 181581
2004 320 4 181581
2004 320 3 181581
2004 320 2 181581
2004 321 0 163560
2004 321 0 163560
2004 321 0 163560
2004 321 0 163560
2004 321 0 163560
2004 321 0 163560
2004 321 0 163560
2004 321 0 163560
2004 321 0 163560
2004 321 1 163560
2004 322 6 215558
2004 322 7 215558
2004 322 6 215558
2004 322 15 215558
2004 322 1 215558
2004 322 0 215558
2004 322 2 215558
2004 322 1 215558
2004 322 0 215558
2004 322 0 215558
2004 322 0 215558
2004 322 1 215558
2004 322 0 215558
2004 323 0 95743
2004 323 0 95743
2004 323 0 95743
2004 323 0 95743
2004 323 0 95743
2004 323 0 95743
2004 324 0 67955
2004 324 0 67955
2004 324 4 67955
2004 324 1 67955
2004 325 0 129858
2004 325 0 129858
2004 325 32 129858
2004 325 13 129858
2004 325 20 129858
2004 325 3 129858
2004 325 0 129858
2004 325 1 129858
2004 326 0 22835
2004 326 0 22835
2004 705 11 26824
2004 705 9 26824
2004 706 1 65479
2004 706 0 65479
2004 706 1 65479
2004 706 5 65479
2004 707 2 10180
2004 707 22 10180
2004 708 0 17333
2004 708 10 17333
2004 709 0 20221
2004 709 0 20221
2004 711 1 81574
2004 711 0 81574
2004 711 0 81574
2004 711 1 81574
2004 711 0 81574
2004 712 0 100557
2004 712 0 100557
2004 712 1 100557
2004 712 0 100557
2004 712 3 100557
2004 712 0 100557
2004 713 0 117064
2004 713 1 117064
2004 713 0 117064
2004 713 2 117064
2004 713 2 117064
2004 713 2 117064
2004 713 0 117064
2004 714 4 147741
2004 714 0 147741
2004 714 5 147741
2004 714 1 147741
2004 714 2 147741
2004 714 1 147741
2004 714 0 147741
2004 714 1 147741
2004 714 0 147741
2004 715 4 17608
2004 715 7 17608
2004 716 0 74145
2004 716 0 74145
2004 716 1 74145
2004 716 3 74145
2004 779 0 58051
2004 779 1 58051
2004 779 0 58051
2004 780 0 55437
2004 780 0 55437
2004 780 0 55437
2004 781 4 61352
2004 781 13 61352
2004 781 17 61352
2004 781 34 61352
2004 782 3 25174
2004 782 2 25174
2004 783 0 31501
2004 783 1 31501
2005 293 3 21872
2005 293 257 21872
2005 294 2022 18571
2005 294 206 18571
2005 295 32 28750
2005 295 36 28750
2005 296 6 9767
2005 296 1 9767
2005 297 100 20909
2005 297 26 20909
2005 298 16 23523
2005 298 8 23523
2005 299 1 29163
2005 299 1 29163
2005 300 31 29851
2005 300 13 29851
2005 306 33 49935
2005 306 25 49935
2005 306 3 49935
2005 307 30 54337
2005 307 69 54337
2005 307 77 54337
2005 308 2090 15407
2005 308 80 15407
2005 309 24 40718
2005 309 5 40718
2005 310 20 23385
2005 310 2 23385
2005 311 25 43607
2005 311 6 43607
2005 311 23 43607
2005 312 3 37417
2005 312 58 37417
2005 313 4 22698
2005 313 2 22698
2005 314 3 133985
2005 314 0 133985
2005 314 1 133985
2005 314 0 133985
2005 314 2 133985
2005 314 0 133985
2005 314 1 133985
2005 314 8 133985
2005 315 0 113763
2005 315 0 113763
2005 315 0 113763
2005 315 2 113763
2005 315 1 113763
2005 315 1 113763
2005 315 67 113763
2005 316 2 25999
2005 316 7 25999
2005 317 56 26549
2005 317 47 26549
2005 318 72 17745
2005 318 5 17745
2005 319 139 135360
2005 319 22 135360
2005 319 30 135360
2005 319 51 135360
2005 319 14 135360
2005 319 11 135360
2005 319 45 135360
2005 319 46 135360
2005 320 5 181581
2005 320 4 181581
2005 320 0 181581
2005 320 5 181581
2005 320 2 181581
2005 320 2 181581
2005 320 4 181581
2005 320 8 181581
2005 320 0 181581
2005 320 0 181581
2005 320 2 181581
2005 321 0 163560
2005 321 3 163560
2005 321 0 163560
2005 321 5 163560
2005 321 1 163560
2005 321 0 163560
2005 321 0 163560
2005 321 0 163560
2005 321 0 163560
2005 321 5 163560
2005 322 27 215558
2005 322 0 215558
2005 322 1 215558
2005 322 0 215558
2005 322 3 215558
2005 322 0 215558
2005 322 3 215558
2005 322 3 215558
2005 322 2 215558
2005 322 11 215558
2005 322 3 215558
2005 322 22 215558
2005 322 72 215558
2005 323 1 95743
2005 323 1 95743
2005 323 3 95743
2005 323 1 95743
2005 323 0 95743
2005 323 0 95743
2005 324 3 67955
2005 324 12 67955
2005 324 3 67955
2005 324 7 67955
2005 325 1 129858
2005 325 1 129858
2005 325 3 129858
2005 325 1 129858
2005 325 0 129858
2005 325 0 129858
2005 325 0 129858
2005 325 17 129858
2005 326 0 22835
2005 326 0 22835
2005 705 2 26824
2005 705 3 26824
2005 706 4 65479
2005 706 3 65479
2005 706 6 65479
2005 706 6 65479
2005 707 241 10180
2005 707 7 10180
2005 708 18 17333
2005 708 146 17333
2005 709 0 20221
2005 709 0 20221
2005 711 92 81574
2005 711 0 81574
2005 711 0 81574
2005 711 1 81574
2005 711 1 81574
2005 712 0 100557
2005 712 0 100557
2005 712 0 100557
2005 712 1 100557
2005 712 0 100557
2005 712 0 100557
2005 713 1 117064
2005 713 1 117064
2005 713 2 117064
2005 713 0 117064
2005 713 0 117064
2005 713 0 117064
2005 713 1 117064
2005 714 1 147741
2005 714 0 147741
2005 714 1 147741
2005 714 1 147741
2005 714 1 147741
2005 714 0 147741
2005 714 0 147741
2005 714 1 147741
2005 714 0 147741
2005 715 3 17608
2005 715 32 17608
2005 716 3 74145
2005 716 1 74145
2005 716 1 74145
2005 716 3 74145
2005 779 5 58051
2005 779 2 58051
2005 779 1 58051
2005 779 0 58051
2005 780 1 55437
2005 780 0 55437
2005 780 0 55437
2005 781 1 61352
2005 781 12 61352
2005 781 6 61352
2005 781 18 61352
2005 782 13 25174
2005 782 5 25174
2005 783 10 31501
2005 783 6 31501
2006 293 16 21872
2006 293 2 21872
2006 294 21 18571
2006 294 97 18571
2006 295 113 28750
2006 295 11 28750
2006 296 0 9767
2006 296 11 9767
2006 297 56 20909
2006 297 1927 20909
2006 298 2 23523
2006 298 0 23523
2006 299 2 29163
2006 299 1 29163
2006 300 1 29851
2006 300 21 29851
2006 309 3 40718
2006 309 73 40718
2006 310 6 23385
2006 310 4 23385
2006 311 4 43607
2006 311 27 43607
2006 311 58 43607
2006 312 12 37417
2006 312 12 37417
2006 313 40 22698
2006 314 2 133985
2006 314 7 133985
2006 314 10 133985
2006 314 3 133985
2006 321 1 163560
2006 322 6 215558
2006 322 7 215558
2006 322 1 215558
2006 322 5 215558
2006 322 4 215558
2006 324 1 67955
2006 716 134 74145
2006 716 5 74145
2006 716 0 74145
2006 779 0 58051
2006 779 3 58051
2006 781 4 61352
2006 781 11 61352
2006 781 16 61352
2006 781 1 61352
2006 782 22 25174
2006 783 0 31501
2007 293 3 21872
2007 293 26 21872
2007 294 81 18571
2007 294 57 18571
2007 295 16 28750
2007 295 86 28750
2007 296 164 9767
2007 296 16 9767
2007 297 49 20909
2007 297 51 20909
2007 298 4 23523
2007 298 632 23523
2007 299 0 29163
2007 299 3 29163
2007 300 6 29851
2007 300 26 29851
2007 306 92 49935
2007 306 16 49935
2007 306 22 49935
2007 307 35 54337
2007 307 85 54337
2007 307 31 54337
2007 308 55 15407
2007 308 128 15407
2007 309 43 40718
2007 309 12 40718
2007 310 6 23385
2007 310 2 23385
2007 311 11 43607
2007 311 67 43607
2007 311 40 43607
2007 312 18 37417
2007 312 2 37417
2007 313 11 22698
2007 313 0 22698
2007 314 6 133985
2007 314 27 133985
2007 314 0 133985
2007 314 34 133985
2007 314 24 133985
2007 314 3 133985
2007 314 0 133985
2007 314 0 133985
2007 315 5 113763
2007 315 1 113763
2007 315 2 113763
2007 315 16 113763
2007 315 5 113763
2007 315 8 113763
2007 315 41 113763
2007 316 9 25999
2007 316 0 25999
2007 317 167 26549
2007 317 23 26549
2007 318 37 17745
2007 318 1 17745
2007 319 2 135360
2007 319 213 135360
2007 319 71 135360
2007 319 203 135360
2007 319 60 135360
2007 319 89 135360
2007 319 145 135360
2007 319 118 135360
2007 320 3 181581
2007 320 0 181581
2007 320 0 181581
2007 320 4 181581
2007 320 2 181581
2007 320 0 181581
2007 320 1 181581
2007 320 6 181581
2007 320 2 181581
2007 320 0 181581
2007 320 2 181581
2007 321 0 163560
2007 321 0 163560
2007 321 0 163560
2007 321 0 163560
2007 321 0 163560
2007 321 0 163560
2007 321 3 163560
2007 321 0 163560
2007 321 0 163560
2007 321 1 163560
2007 322 5 215558
2007 322 2 215558
2007 322 0 215558
2007 322 17 215558
2007 322 14 215558
2007 322 12 215558
2007 322 13 215558
2007 322 19 215558
2007 322 5 215558
2007 322 19 215558
2007 322 35 215558
2007 322 7 215558
2007 322 3 215558
2007 323 1 95743
2007 323 0 95743
2007 323 0 95743
2007 323 0 95743
2007 323 1 95743
2007 323 0 95743
2007 324 5 67955
2007 324 4 67955
2007 324 9 67955
2007 324 10 67955
2007 325 8 129858
2007 325 1 129858
2007 325 1 129858
2007 325 1 129858
2007 325 8 129858
2007 325 6 129858
2007 325 17 129858
2007 325 13 129858
2007 326 25 22835
2007 326 0 22835
2007 705 0 26824
2007 705 0 26824
2007 706 0 65479
2007 706 1 65479
2007 706 1 65479
2007 706 0 65479
2007 707 4 10180
2007 707 20 10180
2007 708 64 17333
2007 708 10 17333
2007 709 0 20221
2007 709 0 20221
2007 711 26 81574
2007 711 0 81574
2007 711 4 81574
2007 711 2 81574
2007 711 0 81574
2007 712 1 100557
2007 712 4 100557
2007 712 0 100557
2007 712 0 100557
2007 712 0 100557
2007 712 2 100557
2007 713 1 117064
2007 713 0 117064
2007 713 2 117064
2007 713 0 117064
2007 713 0 117064
2007 713 0 117064
2007 713 0 117064
2007 714 4 147741
2007 714 1 147741
2007 714 1 147741
2007 714 3 147741
2007 714 5 147741
2007 714 4 147741
2007 714 2 147741
2007 714 3 147741
2007 714 1 147741
2007 715 5 17608
2007 715 10 17608
2007 716 1 74145
2007 716 0 74145
2007 716 66 74145
2007 716 7 74145
2007 779 1 58051
2007 779 13 58051
2007 779 0 58051
2007 779 32 58051
2007 780 0 55437
2007 780 19 55437
2007 780 3 55437
2007 781 9 61352
2007 781 8 61352
2007 781 3 61352
2007 781 9 61352
2007 782 6 25174
2007 782 2 25174
2007 783 2 31501
2007 783 6 31501
2008 293 1 21872
2008 293 22 21872
2008 294 9 18571
2008 294 2 18571
2008 295 16 28750
2008 295 28 28750
2008 296 44 9767
2008 296 12 9767
2008 297 11 20909
2008 297 15 20909
2008 298 278 23523
2008 298 10 23523
2008 299 1 29163
2008 299 0 29163
2008 300 1 29851
2008 300 5 29851
2008 306 37 49935
2008 306 4 49935
2008 306 9 49935
2008 307 134 54337
2008 307 46 54337
2008 307 88 54337
2008 308 240 15407
2008 308 68 15407
2008 309 7 40718
2008 309 5 40718
2008 310 4 23385
2008 310 19 23385
2008 311 170 43607
2008 311 0 43607
2008 311 3 43607
2008 312 11 37417
2008 312 3 37417
2008 313 2 22698
2008 313 0 22698
2008 314 6 133985
2008 314 17 133985
2008 314 9 133985
2008 314 14 133985
2008 314 31 133985
2008 314 19 133985
2008 315 27 113763
2008 315 2 113763
2008 315 0 113763
2008 315 0 113763
2008 315 1 113763
2008 316 1 25999
2008 316 0 25999
2008 317 59 26549
2008 317 158 26549
2008 318 0 17745
2008 318 2 17745
2008 319 152 135360
2008 319 25 135360
2008 319 14 135360
2008 319 25 135360
2008 319 299 135360
2008 319 3 135360
2008 319 5 135360
2008 319 344 135360
2008 320 0 181581
2008 320 1 181581
2008 320 1 181581
2008 320 0 181581
2008 320 0 181581
2008 320 5 181581
2008 320 4 181581
2008 320 1 181581
2008 320 6 181581
2008 321 0 163560
2008 321 0 163560
2008 321 0 163560
2008 321 0 163560
2008 321 0 163560
2008 321 0 163560
2008 321 1 163560
2008 321 5 163560
2008 321 2 163560
2008 321 4 163560
2008 322 9 215558
2008 322 4 215558
2008 322 12 215558
2008 322 1 215558
2008 322 5 215558
2008 322 2 215558
2008 322 4 215558
2008 322 6 215558
2008 322 3 215558
2008 322 14 215558
2008 322 7 215558
2008 322 6 215558
2008 323 0 95743
2008 323 0 95743
2008 323 32 95743
2008 323 72 95743
2008 323 74 95743
2008 323 29 95743
2008 324 4 67955
2008 324 5 67955
2008 324 0 67955
2008 324 0 67955
2008 325 0 129858
2008 325 2 129858
2008 325 0 129858
2008 325 8 129858
2008 325 11 129858
2008 325 4 129858
2008 325 24 129858
2008 325 1 129858
2008 326 1 22835
2008 326 0 22835
2008 705 3 26824
2008 705 3 26824
2008 706 1 65479
2008 706 2 65479
2008 706 0 65479
2008 707 4 10180
2008 707 47 10180
2008 708 0 17333
2008 708 0 17333
2008 709 0 20221
2008 709 1 20221
2008 711 0 81574
2008 711 0 81574
2008 711 0 81574
2008 711 1 81574
2008 711 1 81574
2008 712 0 100557
2008 712 0 100557
2008 712 2 100557
2008 712 0 100557
2008 712 1 100557
2008 713 0 117064
2008 713 0 117064
2008 713 0 117064
2008 713 0 117064
2008 713 0 117064
2008 713 1 117064
2008 714 0 147741
2008 714 0 147741
2008 714 0 147741
2008 714 3 147741
2008 714 0 147741
2008 714 0 147741
2008 714 0 147741
2008 714 0 147741
2008 714 0 147741
2008 715 14 17608
2008 715 5 17608
2008 716 0 74145
2008 716 1 74145
2008 716 2 74145
2008 716 0 74145
2008 779 5 58051
2008 779 16 58051
2008 779 0 58051
2008 779 0 58051
2008 780 0 55437
2008 780 0 55437
2008 780 0 55437
2008 781 5 61352
2008 781 8 61352
2008 781 19 61352
2008 781 3 61352
2008 781 10 61352
2008 782 15 25174
2008 782 3 25174
2008 783 8 31501
2008 783 0 31501
2009 293 17 21872
2009 293 2 21872
2009 294 94 18571
2009 294 440 18571
2009 295 25 28750
2009 295 3 28750
2009 296 93 9767
2009 296 112 9767
2009 297 58 20909
2009 297 43 20909
2009 298 3 23523
2009 298 4 23523
2009 299 1 29163
2009 299 0 29163
2009 300 10 29851
2009 300 24 29851
2009 306 204 49935
2009 306 32 49935
2009 306 8 49935
2009 307 495 54337
2009 307 19 54337
2009 307 492 54337
2009 308 26 15407
2009 308 37 15407
2009 309 0 40718
2009 309 2 40718
2009 310 1 23385
2009 310 2 23385
2009 311 106 43607
2009 311 95 43607
2009 311 49 43607
2009 312 0 37417
2009 312 0 37417
2009 313 2 22698
2009 313 8 22698
2009 314 7 133985
2009 314 0 133985
2009 314 4 133985
2009 314 2 133985
2009 314 1 133985
2009 314 8 133985
2009 314 4 133985
2009 314 8 133985
2009 315 0 113763
2009 315 27 113763
2009 315 2 113763
2009 315 0 113763
2009 315 27 113763
2009 315 36 113763
2009 315 9 113763
2009 316 1 25999
2009 316 8 25999
2009 317 2 26549
2009 317 67 26549
2009 318 20 17745
2009 318 1 17745
2009 319 73 135360
2009 319 184 135360
2009 319 88 135360
2009 319 3 135360
2009 319 4 135360
2009 319 1 135360
2009 319 592 135360
2009 319 498 135360
2009 320 0 181581
2009 320 0 181581
2009 320 5 181581
2009 320 4 181581
2009 320 18 181581
2009 320 10 181581
2009 320 5 181581
2009 320 18 181581
2009 320 113 181581
2009 320 4 181581
2009 321 0 163560
2009 321 0 163560
2009 321 0 163560
2009 321 0 163560
2009 321 0 163560
2009 321 0 163560
2009 321 5 163560
2009 321 3 163560
2009 321 4 163560
2009 322 6 215558
2009 322 4 215558
2009 322 3 215558
2009 322 4 215558
2009 322 0 215558
2009 322 4 215558
2009 322 4 215558
2009 322 12 215558
2009 322 0 215558
2009 322 2 215558
2009 322 20 215558
2009 322 0 215558
2009 322 4 215558
2009 323 4 95743
2009 323 0 95743
2009 323 3 95743
2009 323 0 95743
2009 323 0 95743
2009 323 0 95743
2009 324 6 67955
2009 324 4 67955
2009 324 5 67955
2009 324 7 67955
2009 325 2 129858
2009 325 0 129858
2009 325 2 129858
2009 325 3 129858
2009 325 1 129858
2009 325 8 129858
2009 325 38 129858
2009 325 41 129858
2009 326 0 22835
2009 326 0 22835
2009 705 2 26824
2009 705 10 26824
2009 706 0 65479
2009 706 2 65479
2009 706 2 65479
2009 706 2 65479
2009 707 81 10180
2009 707 64 10180
2009 708 487 17333
2009 708 9 17333
2009 709 0 20221
2009 709 0 20221
2009 711 2 81574
2009 711 2 81574
2009 711 2 81574
2009 711 1 81574
2009 711 1 81574
2009 712 0 100557
2009 712 1 100557
2009 712 1 100557
2009 712 1 100557
2009 712 0 100557
2009 712 1 100557
2009 713 3 117064
2009 713 0 117064
2009 713 1 117064
2009 713 1 117064
2009 713 0 117064
2009 713 1 117064
2009 713 0 117064
2009 714 4 147741
2009 714 9 147741
2009 714 4 147741
2009 714 5 147741
2009 714 8 147741
2009 714 4 147741
2009 714 9 147741
2009 714 0 147741
2009 715 3 17608
2009 715 65 17608
2009 716 2 74145
2009 716 0 74145
2009 716 12 74145
2009 716 69 74145
2009 779 0 58051
2009 779 1 58051
2009 779 4 58051
2009 779 8 58051
2009 780 0 55437
2009 780 0 55437
2009 780 2 55437
2009 781 8 61352
2009 781 9 61352
2009 781 15 61352
2009 781 4 61352
2009 782 13 25174
2009 782 3 25174
2009 783 7 31501
2009 783 3 31501
2010 293 4 21872
2010 293 1 21872
2010 294 43 18571
2010 294 34 18571
2010 295 12 28750
2010 295 157 28750
2010 296 1 9767
2010 296 6 9767
2010 297 308 20909
2010 297 98 20909
2010 298 48 23523
2010 298 2 23523
2010 299 2 29163
2010 299 1 29163
2010 300 10 29851
2010 300 3 29851
2010 306 19 49935
2010 306 21 49935
2010 306 3 49935
2010 307 149 54337
2010 307 254 54337
2010 307 25 54337
2010 308 1225 15407
2010 308 968 15407
2010 309 6 40718
2010 309 6 40718
2010 310 6 23385
2010 310 6 23385
2010 311 23 43607
2010 311 566 43607
2010 311 73 43607
2010 312 1 37417
2010 312 5 37417
2010 313 4 22698
2010 313 18 22698
2010 314 4 133985
2010 314 0 133985
2010 314 7 133985
2010 314 0 133985
2010 314 0 133985
2010 314 0 133985
2010 314 4 133985
2010 315 7 113763
2010 315 19 113763
2010 315 4 113763
2010 315 4 113763
2010 315 2 113763
2010 315 6 113763
2010 315 6 113763
2010 316 0 25999
2010 316 1 25999
2010 317 222 26549
2010 317 20 26549
2010 318 2 17745
2010 318 0 17745
2010 319 4 135360
2010 319 648 135360
2010 319 55 135360
2010 319 0 135360
2010 320 0 181581
2010 320 6 181581
2010 320 5 181581
2010 320 5 181581
2010 320 6 181581
2010 320 2 181581
2010 320 2 181581
2010 320 11 181581
2010 320 1 181581
2010 320 28 181581
2010 320 10 181581
2010 321 0 163560
2010 321 0 163560
2010 321 1 163560
2010 321 4 163560
2010 321 0 163560
2010 321 9 163560
2010 321 4 163560
2010 321 8 163560
2010 321 3 163560
2010 321 82 163560
2010 322 7 215558
2010 322 0 215558
2010 322 4 215558
2010 322 6 215558
2010 322 1 215558
2010 322 5 215558
2010 322 1 215558
2010 322 0 215558
2010 322 10 215558
2010 322 0 215558
2010 322 9 215558
2010 322 3 215558
2010 322 3 215558
2010 323 2 95743
2010 323 6 95743
2010 323 43 95743
2010 324 5 67955
2010 324 5 67955
2010 324 5 67955
2010 324 9 67955
2010 705 1 26824
2010 705 2 26824
2010 706 2 65479
2010 706 3 65479
2010 706 5 65479
2010 706 5 65479
2010 707 4 10180
2010 708 2 17333
2010 708 1 17333
2010 709 0 20221
2010 709 0 20221
2010 711 0 81574
2010 711 0 81574
2010 711 3 81574
2010 711 0 81574
2010 711 0 81574
2010 712 0 100557
2010 712 0 100557
2010 712 0 100557
2010 712 1 100557
2010 712 0 100557
2010 712 0 100557
2010 713 0 117064
2010 713 0 117064
2010 713 2 117064
2010 713 1 117064
2010 713 0 117064
2010 713 1 117064
2010 713 0 117064
2010 714 0 147741
2010 714 2 147741
2010 714 0 147741
2010 714 1 147741
2010 714 1 147741
2010 714 0 147741
2010 714 0 147741
2010 714 0 147741
2010 714 0 147741
2010 715 6 17608
2010 715 1 17608
2010 716 3 74145
2010 716 3 74145
2010 716 1 74145
2010 716 2 74145
2010 779 0 58051
2010 779 0 58051
2010 779 0 58051
2010 779 0 58051
2010 780 0 55437
2010 780 0 55437
2010 780 0 55437
2010 781 4 61352
2010 781 8 61352
2010 781 5 61352
2010 781 2 61352
2010 782 1 25174
2010 782 1 25174
2010 783 30 31501
2010 783 3 31501
